39.926454,-122.198393,0.9
31.448847,-83.53221,1.2
38.771208,-121.266149,1.05
34.238654,-119.177398,3.0
29.223265,-81.09972,3.0
27.313023,-80.406688,2.4
34.61456,-120.188387,1.5
32.867639,-96.767245,4.0
32.760837,-115.532486,1.8
41.975091,-87.866501,0.72
33.741484,-116.215019,11.5
32.135507,-81.212767,1.0
34.922962,-110.145558,3.0
38.300369,-88.942472,2.0
35.587472,-80.873,3.0
38.001531,-87.494443,3.0
33.443011,-112.556876,3.0
35.48656,-120.66633,1.0
40.494068,-81.473561,3.0
32.943969,-112.733506,4.0
32.726686,-114.619093,3.0
41.041538,-73.671661,0.6
41.245814,-73.008988,0.24
29.108566,-81.034569,0.9
36.07079,-79.511211,0.96
44.520607,-103.890924,0.9
33.485858,-80.475763,1.2
41.7174,-86.1887,0.72
41.699048,-85.000326,0.72
37.919969,-122.348976,1.8
36.766371,-108.144047,0.48
39.326253,-101.725171,0.9
40.017383,-79.077117,0.9
41.144011,-73.861472,1.8
29.827692,-97.979677,1.8
29.690062,-96.537725,0.72
43.701129,-98.04449999999997,0.72
35.247841,-120.67193,5.0
41.660517,-71.497242,1.2
41.57835,-83.66465,1.2
42.518715,-87.950428,0.96
40.683982,-80.10839,0.9
44.105601,-103.212569,0.48
34.667629,-79.002343,1.2
43.63385,-95.595647,0.72
35.505278,-108.828094,2.0
29.983752,-81.464138,3.0
32.7729,-115.5501,2.0
43.12669,-89.306896,0.36
39.327507,-120.207373,1.65
37.12645,-113.601865,1.2
47.116294,-118.368328,0.6
38.900543,-99.319142,0.9
38.993577,-110.140513,1.2
39.2688421,-103.708604,3.5
43.795551,-90.059358,0.75
43.879042,-91.188428,0.72
44.77083,-91.43711,0.72
42.75625,-104.45267,0.48
40.415973,-74.444706,2.0
32.87888,-111.6817421,0.9
40.532717,-88.997291,3.0
36.202218,-121.12983,4.0
33.2008,-117.2455,5.0
38.787942,-112.085316,0.6
34.327131,-112.118432,1.2
45.733716,-108.604573,0.6
38.877342,-97.618699,0.9
39.858702,-84.277027,1.2
35.038644,-85.19593,0.9
36.748445,-78.103764,0.9
30.720702,-86.116677,0.75
37.3006,-121.9812,3.0
33.469659,-94.454696,4.0
45.572631,-122.554017,4.0
41.781242,-70.540271,1.2
47.081148,-119.861514,3.0
45.700078,-111.062569,0.6
27.9408309,-82.3236485,1.2
30.181429,-82.679701,0.9
35.341213,-80.766023,1.2
25.993528,-80.143183,2.0
28.514874,-81.500214,0.9
30.423892,-91.154637,0.9
33.667011,-112.120891,2.4
36.429889,-121.334477,2.0
42.203764,-71.832954,1.2
29.140985,-82.19395,1.2
39.044199,-95.76046,1.2
45.836201,-109.943317,0.6
30.199071,-93.248782,0.9
26.317736,-80.119643,2.0
27.601444,-80.822187,1.5
41.584927,-87.721062,1.2
42.153067,-78.747726,0.96
47.846712,-122.271391,0.72
39.775259,-104.794674,1.5
39.133655,-85.961113,2.0
33.2319,-86.804074,4.0
33.231403,-97.166419,0.9
45.981226,-112.507161,0.9
42.48773,-90.663624,1.2
32.628946,-117.041103,3.0
47.192149,-114.888901,0.6
43.109587,-71.474575,1.5
40.738399,-114.058998,0.9
40.721861,-73.956629,0.288
43.108363,-71.477625,1.8
40.139399,-75.172384,2.0
43.791436,-88.485968,3.0
24.725916,-81.047519,0.6
38.800537,-121.210485,2.7
41.8133,-87.72189,3.0
40.684486,-112.268818,0.9
40.836301,-115.790859,0.9
40.179476,-118.472135,0.6
35.646461,-117.812629,0.6
37.558546,-122.284614,1.44
42.236417,-71.17825,0.96
32.57645,-85.497641,3.0
37.134228,-104.519962,2.25
38.017955,-84.420664,5.0
39.137048,-88.563736,0.9
33.894294,-118.367379,1.2
35.226765,-100.24836,0.9
35.53859,-98.66012,0.9
35.153963,-103.722539,0.9
34.947013,-104.647997,0.9
37.60878,-97.33314,0.9
38.782139,-90.532862,0.75
41.220935,-95.835622,1.2
37.324372,-122.009179,1.5
32.627837,-85.445105,0.9
35.068595,-118.174576,3.0
39.040814,-94.369265,3.5
37.544632,-122.290188,1.2
35.622007,-105.20541,0.9
35.108962,-106.612794,0.9
44.804565,-106.956363,0.6
37.415344,-122.076607,1.8
43.749912,-87.747073,1.2
30.210412,-90.944365,4.0
36.860525,-76.207467,0.9
42.222955,-71.021964,0.576
41.499775,-74.071261,0.72
34.179384,-118.320974,6.0
35.461704,-97.651445,1.2
36.795662,-76.102691,2.0
46.784467,-92.10232,0.6
37.525905,-122.006624,1.152
29.980741,-95.421697,0.9
33.776011,-117.872176,1.8
45.64655,-118.68198,1.2
38.957816,-92.252773,1.2
35.581912,-82.523642,2.0
35.009527,-78.822416,2.4
44.282551,-85.403096,1.2
46.198085,-119.162734,1.2
39.600731,-110.831701,1.2
44.462814,-73.179316,1.2
43.592292,-116.279467,1.2
33.70278,-117.934127,2.4
31.400223,-103.486931,1.2
30.510935,-84.247838,0.9
30.814396,-97.610506,2.0
37.971375,-122.517193,2.0
18.4069,-66.1061,0.144
35.400105,-119.397796,1.5
45.403531,-122.294242,1.2
37.644544,-118.965875,1.2
36.913718,-116.754371,1.2
42.597887,-114.455249,1.2
40.588102,-75.559904,4.0
39.1481,-123.208604,1.2
36.835455,-119.91058,1.5
35.189035,-101.931478,1.2
42.145553,-75.901755,1.2
41.045431,-75.312244,1.2
46.009592,-92.93155,1.2
46.378868,-94.256413,1.2
30.790764,-81.663729,1.2
38.837573,-104.824907,1.2
35.972874,-77.84687,0.96
38.069801,-117.232243,1.2
28.766853,-96.978988,0.9
30.266552,-89.760156,1.2
36.945795,-81.054406,0.9
38.211846,-85.673087,1.2
35.069252,-80.842291,1.8
32.274159,-90.151048,1.2
33.52421,-117.152568,1.5
38.533939,-118.62308,1.2
44.632745,-112.591203,1.2
32.450591,-100.392455,1.2
32.374263,-99.007197,1.2
37.940064,-91.801658,1.2
37.796979,-79.419007,0.9
40.146209,-88.259884,1.2
40.163072,-122.228937,3.0
40.561525,-111.930221,3.0
40.859402,-82.268121,3.0
39.849302,-75.437827,2.0
41.348503,-89.126115,5.0
39.393663,-74.562619,1.2
44.03563,-121.308473,1.2
44.656089,-111.099022,1.2
32.470885,-95.450473,1.2
39.489732,-119.794179,0.9
42.899615,-112.435248,1.2
43.485152,-112.05205,1.2
40.622823,-111.868732,2.0
40.891909,-72.426995,0.96
32.35778,-88.671246,1.2
44.704537,-73.491829,0.96
39.443345,-87.331737,5.75
37.251836,-93.265534,1.2
36.893583,-89.533986,1.2
44.96499,-92.96129,1.2
32.478594,-93.75437,1.2
41.599019,-93.806336,1.2
34.440227,-119.753359,4.0
36.167631,-95.766044,1.2
36.955196,-86.438854,1.2
44.957751,-124.010966,1.2
31.312424,-92.446436,1.2
46.066137,-93.663538,2.0
38.647199,-121.118344,7.5
30.070698,-95.930431,4.0
35.097801,-89.858957,4.0
34.428885,-119.87338,3.0
39.498017,-76.231196,1.2
42.998817,-82.428935,1.2
32.496554,-92.055091,1.2
28.521614,-98.185829,1.2
41.575888,-90.513526,1.2
39.974472,-83.00092,0.72
38.785335,-77.014771,0.864
42.29571,-73.239245,1.2
36.924902,-111.468041,1.2
40.860817,-96.679723,1.2
27.493808,-97.844399,1.2
44.775909,-68.73432,1.2
41.016143,-76.492616,1.2
44.212532,-72.576462,1.2
43.979585,-75.954114,0.96
43.328388,-73.679992,0.96
33.980394,-118.445237,2.0
37.377287,-118.4226,6.0
37.109305,-121.017565,1.8
35.354643,-119.331607,1.5
30.706696,-101.195962,0.9
40.44146,-104.991205,1.5
41.116493,-101.709415,1.2
40.917317,-100.169913,1.2
29.784665,-95.110612,1.2
33.525917,-86.806875,1.2
41.802949,-88.370249,4.0
34.432426,-100.218676,1.2
34.12046,-116.050953,1.2
40.270895,-103.62223,1.2
41.699456,-88.3123,3.0
43.463995,-110.794875,1.2
41.061499,-73.836411,1.44
35.660349,-88.855771,7.0
39.677755,-111.841252,2.0
30.905492,-102.88453,1.2
35.901319,-84.149634,1.2
37.838679,-120.23199,1.05
31.947361,-102.141289,1.2
30.509233,-99.77456,1.2
37.473828,-119.635893,1.2
40.829973,-98.379822,1.2
45.411899,-94.054852,1.2
33.459926,-94.077179,1.2
40.494024,-82.712896,1.2
41.238923,-75.845562,3.0
35.645482,-120.660047,7.0
41.263157,-110.985309,1.2
32.754659,-97.082823,1.5
29.697904,-97.099993,1.2
34.179106,-97.165632,4.5
44.5354319,-88.0777788,1.2
34.6614,-92.41031,1.5
36.591697,-82.261339,1.2
37.300551,-121.825198,5.0
44.744729,-85.644019,1.5
33.704388,-78.925172,1.5
41.238035,-73.036156,2.1
38.457893,-121.839806,3.0
25.456825,-80.474341,1.2
38.696426,-119.548534,0.9
41.580815,-109.262137,1.2
42.216906,-121.756218,1.2
41.722189,-88.037278,4.0
40.912298,-73.780132,0.576
39.612048,-76.009908,1.5
42.673838,-93.462294,1.2
35.611793,-106.032196,1.2
33.587091,-80.357191,2.0
38.067051,-78.492702,1.2
38.354712,-81.642845,1.2
39.664746,-86.076234,3.0
35.969846,-79.06356,2.5
47.86274,-121.97672,1.8
32.068577,-96.448229,1.5
42.343425,-87.900068,5.0
34.785443,-86.942964,1.2
41.2900852,-72.5803292,2.5
47.103505,-119.310203,3.0
41.2915926,-72.5790793,2.5
41.733158,-71.43585,2.0
39.019353,-80.416993,1.2
38.366645,-121.958136,2.4
38.637729,-121.49718,1.5
48.21237,-122.183551,2.4
38.162028,-92.605238,1.2
43.957103,-86.376093,1.2
41.991015,-72.571105,3.0
33.15524,-107.251642,1.2
41.886458,-87.620262,0.72
36.715699,-121.653992,2.1
33.787384,-89.849614,1.2
39.63626,-78.845748,0.96
42.529798,-71.744151,1.2
33.831695,-118.078798,8.0
26.198443,-98.259839,1.2
39.384693,-77.405494,1.5
39.941683,-74.211995,1.2
40.314135,-79.671409,1.2
30.331363,-82.961355,1.8
36.155848,-85.515211,0.96
41.14072,-78.784725,1.2
43.66182,-94.733012,1.2
43.527655,-96.790579,0.96
27.386306,-82.464377,3.0
40.003569,-81.574967,1.2
35.189032,-114.058384,4.0
36.585729,-121.898765,3.5
35.262495,-116.08079,15.0
38.963471,-119.940651,2.1
28.664414,-81.380274,0.96
36.018349,-87.332955,1.2
41.138806,-85.163548,1.5
27.8461,-82.678114,1.2
32.943488,-97.133843,1.5
40.233206,-77.119185,1.2
39.118151,-77.202271,1.8
40.613216,-80.100103,1.2
40.101525,-74.793172,0.96
25.732331,-80.306178,3.0
42.900045,-87.913714,1.5
32.269811,-109.8457,1.2
32.083857,-110.803571,1.5
33.745288,-118.012279,1.728
42.90741,-78.762239,2.0
31.651793,-94.679625,1.2
47.708479,-116.794283,3.5
39.485531,-77.956783,1.2
46.729732,-122.977454,3.0
38.743725,-75.153394,0.96
34.118729,-84.528502,3.0
42.706969,-83.288941,1.2
35.7,-114.476782,2.0
41.721617,-83.509207,1.5
40.730089,-111.90178,2.0
26.202627,-80.156465,2.0
37.970453,-122.058384,2.85
42.460883,-123.324124,1.2
32.281357,-107.760281,1.2
35.706189,-81.294768,1.2
34.431041,-118.554319,8.0
39.562726,-104.873432,1.5
43.803188,-99.383442,1.2
38.51174,-106.076394,1.2
40.389145,-122.288208,3.0
36.059473,-79.908358,1.2
47.189278,-120.902553,1.8
38.26175,-122.0524,1.8
43.8587942,-70.1041363,0.96
45.025577,-84.722201,1.5
42.522048,-82.906756,1.2
39.572,-75.0528,2.0
43.689792,-85.515625,1.5
42.766555,-84.514724,1.5
33.981393,-117.37577,1.728
46.143403,-122.899225,3.0
37.492754,-121.944796,3.0
41.825464,-73.770719,1.2
33.07868,-96.819506,0.864
42.072497,-104.96271,1.2
37.373421,-122.033114,1.2
39.319501,-120.155831,4.0
33.170009,-117.2189425,5.0
37.02493,-121.56542,2.4
33.93129,-116.820041,2.4
40.590042,-122.378506,2.0
35.987651,-119.962336,10.0
40.913884,-77.738425,0.96
43.820359,-84.76675,1.2
42.338922,-72.611239,1.8
40.1633,-76.1535,2.0
33.866724,-117.747373,1.44
34.907217,-116.835801,3.3
34.18487,-118.311672,3.0
33.623205,-111.930338,0.576
39.361357,-101.054063,1.5
44.424871,-70.796608,1.5
27.7915,-82.332833,1.2
36.25415,-120.237896,2.7
35.800189,-80.288565,2.0
39.147833,-121.647861,1.5
30.329175,-97.706339,1.2
41.34336,-81.824924,1.2
35.795716,-78.505527,2.75
33.020052,-117.126278,1.152
31.259556,-95.985289,3.0
38.603327,-121.42853,1.368
25.764706,-80.194629,0.288
37.543787,-122.285551,3.0
40.707962,-73.867167,0.72
33.69893,-84.173181,1.8
38.760227,-78.63121,1.2
41.796653,-69.985961,1.8
40.683738,-73.974953,0.864
37.774766,-121.979789,1.44
38.316292,-88.955923,1.2
39.082459,-77.563051,2.0
41.035822,-71.943868,2.0
41.426963,-82.076273,1.2
27.555003,-99.49424,1.2
40.424107,-74.380069,2.4
39.877547,-74.918491,1.44
33.679646,-117.174095,3.0
38.549856,-122.805465,3.0
45.018928,-93.32583,1.2
28.555278,-81.198944,1.68
32.464312,-97.264718,1.5
35.174272,-111.66328,1.8
44.028779,-88.592508,0.9
40.923322,-72.702788,2.0
33.698437,-117.349113,3.15
39.2633181,-81.5446371,0.72
38.64082,-77.29633,1.5
41.799157,-71.331026,2.0
38.2356,-122.264,1.8
35.265182,-120.676288,4.5
40.6821667,-80.1018333,3.0
38.934341,-77.073771,2.0
33.481657,-82.130253,1.5
37.244638,-121.891141,1.296
29.779001,-95.848797,6.0
34.113592,-117.529406,1.8
46.914375,-114.031924,0.9
30.389333,-97.73975,1.296
40.963462,-73.855127,1.296
37.529855,-77.353819,2.4
42.009459,-87.766164,1.44
43.289094,-71.579011,3.0
41.80455,-72.562267,2.4
42.518385,-71.137254,3.0
43.994145,-102.24214,1.2
41.6175,-70.488528,1.2
43.119137,-89.319052,1.2
41.937338,-87.644666,0.576
31.457228,-86.961555,3.0
41.752393,-124.1944,0.9
43.310917,-70.993265,1.2
37.322234,-121.949226,1.872
31.8839,-106.58379,1.2
38.089378,-102.618303,2.0
34.158291,-118.82363,3.6
33.673394,-117.844666,0.864
39.741549,-105.518358,2.0
33.901472,-118.393833,1.728
27.965757,-82.402577,1.2
33.511555,-112.026392,1.152
37.156827,-121.653693,1.008
39.951276,-75.158667,0.432
34.03818,-118.443301,4.0
40.238319,-74.228021,2.0
29.549585,-98.582722,1.22
38.91655,-77.066175,0.576
43.121854,-124.398942,1.2
41.680372,-91.591467,1.2
33.137172,-95.603239,1.2
32.897259,-83.689432,1.5
26.108614,-80.252268,2.4
41.148076,-73.255582,2.0
36.916349,-121.773512,1.296
43.767498,-103.594306,1.2
33.80051,-98.196588,1.8
34.775559,-111.764099,1.008
39.962023,-75.172049,0.72
33.084189,-117.266384,1.872
41.908043,-87.647839,0.72
33.680592,-93.606876,4.0
38.420772,-75.56579,2.0
41.869126,-87.639971,1.008
39.765443,-86.161222,0.864
39.957683,-86.016131,0.72
37.229926,-121.979384,1.44
33.953335,-118.112914,0.864
31.429832,-100.51253,2.0
28.799264,-81.338224,3.0
40.77386,-74.03814,2.0
36.329537,-78.447534,1.2
34.144835,-118.146609,1.728
40.688444,-73.4055,2.0
39.950563,-86.343779,1.2
38.3475,-122.720944,1.8
39.759418,-74.253461,1.2
32.32555,-110.930936,0.72
40.850095,-74.350835,1.2
33.826338,-117.515411,1.44
34.151177,-117.471412,1.728
40.248314,-74.684877,2.0
39.787263,-89.607225,4.0
37.434536,-121.891387,2.4
34.047424,-118.264589,0.72
34.441994,-119.258898,0.864
46.832972,-100.807222,2.0
33.9702333,-112.73165,1.2
41.067836,-73.545266,0.864
39.153272,-76.743717,0.576
48.937851,-122.667679,2.1
38.970361,-76.937333,0.576
40.1941978,-74.5953015,1.2
40.265916,-94.015705,0.9
39.822355,-75.240447,1.2
39.914711,-104.986758,2.0
37.700508,-121.908364,0.72
42.077128,-87.860788,0.72
39.9831,-83.1529,3.0
27.209511,-81.837752,2.0
31.62396,-84.215788,3.0
35.458583,-86.057316,1.5
37.898575,-122.30073,1.008
41.676619,-70.307049,3.0
38.089447,-122.551755,3.0
37.798513,-122.449846,0.432
34.145099,-118.256433,1.44
25.76768,-80.192467,0.936
35.843605,-78.886448,1.8
40.655361,-74.529919,1.2
37.76292,-121.963662,2.4
38.459554,-122.73023,5.0
41.107885,-73.5469602,1.2
43.612237,-116.244471,2.0
41.725315,-87.683693,1.5
26.209987,-81.769531,4.0
47.90934,-122.225824,3.0
41.468444,-87.343613,1.5
46.901222,-102.790822,2.0
35.97141,-114.911332,1.8
45.451608,-122.782599,0.72
39.24629,-94.644943,0.576
32.758293,-97.353585,1.152
38.508172,-90.331113,1.5
27.937057,-82.481113,1.2
40.383833,-105.519783,1.05
38.242693,-122.625049,3.0
39.250765,-119.948927,1.5
34.242065,-111.322538,1.8
45.750542,-87.085129,2.0
37.502912,-122.245569,1.368
33.953257,-84.657297,3.0
40.301734,-75.853085,2.0
41.422533,-81.7584885,2.0
39.864114,-75.678987,2.0
42.322031,-71.172395,1.2
37.413353,-121.897995,1.44
31.248479,-90.471779,1.2
29.519213,-95.121843,1.8
37.073405,-88.124752,1.2
37.700349,-121.841063,1.44
29.598455,-98.276067,1.2
37.114233,-76.494498,1.8
39.02,-94.661182,0.576
38.658528,-75.592966,2.0
39.027391,-76.917328,3.0
42.065634,-80.037239,2.0
38.256667,-122.065139,1.8
34.013087,-118.493843,1.008
39.689269,-123.483443,1.2
35.993328,-75.651124,1.2
32.7808724,-117.0135593,3.0
40.907627,-74.3976,1.5
34.98734,-118.94623,3.6
28.331356,-81.532453,1.2
40.141056,-82.988972,1.5
37.441722,-122.170271,1.44
39.193996,-84.65871,1.8
35.969448,-112.127675,1.8
25.766875,-80.194524,0.72
47.705956,-122.327133,4.0
37.667227,-122.120338,1.152
41.500575,-95.451663,1.2
41.731702,-86.005057,2.0
28.037035,-80.664204,0.96
47.598608,-120.655636,2.4
45.123159,-67.348144,1.2
41.732798,-86.004993,2.0
39.9102501,-76.7015182,0.96
26.455815,-80.190072,2.7
42.013729,-71.231754,1.2
41.410173,-82.662914,1.5
46.884658,-98.719555,2.0
30.254019,-81.536459,1.2
30.716158,-95.565944,0.75
40.508497,-88.985575,1.2
37.782622,-121.228683,3.0
45.65847,-97.017933,2.0
33.663218,-112.186998,3.0
36.110444,-86.723917,6.0
25.813933,-80.194551,1.008
42.093309,-75.823411,3.0
29.867259,-95.538125,1.2
39.204837,-106.858507,0.576
41.588366,-87.216556,2.0
41.370726,-72.119398,2.0
40.075235,-75.686034,3.0
38.297635,-122.302617,3.0
30.247661,-97.750105,2.0
40.267115,-74.471887,2.0
40.436935,-75.414433,4.0
39.050339,-77.11657,0.576
37.928278,-122.514823,0.72
41.663503,-93.465484,0.9
37.32486,-79.190523,2.0
43.664423,-70.269631,1.8
39.19477,-75.54729,0.96
39.088417,-74.8215,1.8
42.60901,-88.407819,0.9
38.912194,-94.795583,1.2
41.442449,-74.376565,1.2
43.018501,-85.723629,0.6
39.168351,-123.210046,3.0
38.887481,-77.092956,1.296
41.146266,-73.257157,3.0
46.463553,-84.386795,2.0
47.713606,-122.570495,3.0
42.098547,-72.072596,3.0
36.226876,-121.761506,0.576
42.395775,-71.594724,0.96
42.428639,-76.509111,1.2
37.963695,-121.737262,1.5
36.458847,-80.636683,1.2
33.741311,-116.409258,1.728
42.843659,-85.862462,1.5
44.780304,-69.727027,1.2
36.165908,-115.158343,2.0
34.075443,-84.652009,1.8
41.2328,-77.019865,2.0
42.303637,-71.394171,1.44
38.1334859,-79.0434692,0.96
37.339661,-121.905085,1.8
39.726633,-121.802538,2.7
33.824931,-116.548824,6.0
41.29053,-73.832532,1.44
43.657608,-93.318547,1.2
38.815129,-77.642614,0.96
37.756265,-122.249306,1.8
29.774658,-95.821859,1.8
40.499647,-78.391352,0.96
29.561504,-95.695242,1.2
41.53713,-73.005368,0.96
39.768966,-94.801118,1.2
47.609686,-122.332152,0.72
35.835623,-78.642569,6.0
37.872835,-122.510499,1.152
40.749156,-74.136392,0.96
40.908225,-74.557405,1.44
42.516609,-71.032521,1.8
40.735082,-73.87067,0.72
38.34664,-78.286103,2.0
39.567218,-104.877928,3.0
40.760821,-73.829676,0.288
36.255329,-94.152637,2.0
30.265264,-91.994232,2.0
41.93056,-74.908742,1.2
42.056357,-86.456352,0.96
42.447575,-75.048622,2.0
43.622061,-83.932241,1.2
27.6400894,-80.5135068,2.0
38.67344,-90.013486,2.0
40.961378,-91.528249,2.0
38.949021,-77.339711,2.0
44.935964,-93.347857,2.0
45.624071,-70.25201,0.6
40.031566,-105.257368,2.0
47.468107,-121.716454,2.0
39.9548017,-105.1646291,4.0
39.885339,-75.002825,2.0
41.70995,-112.198576,1.5
47.590359,-117.56168,2.0
41.527018,-72.773982,2.0
41.529391,-87.709287,2.0
45.659872,-122.582467,2.0
38.730606,-120.788085,1.8
44.025597,-116.942114,2.0
40.020306,-105.257028,1.5
26.120885,-80.177098,2.0
28.013295,-82.736244,2.0
31.322701,-89.38188,1.2
32.719384,-117.159567,1.152
37.398894,-122.110682,1.152
40.1873056,-80.2293889,2.0
33.557279,-117.668035,0.72
42.024331,-73.322684,2.0
39.733697,-105.154154,4.0
38.335586,-75.104509,1.5
38.759257,-76.061405,2.0
40.052622,-76.254776,2.0
35.6055,-77.4,2.0
39.980733,-74.887217,2.0
47.127042,-104.694456,2.0
37.895277,-122.061828,1.728
38.409389,-121.391028,4.0
41.246232,-73.010529,0.25
43.698101,-71.640119,2.0
32.769144,-117.166271,12.0
39.937134,-74.970511,2.0
36.042377,-86.777844,3.0
45.77225,-84.7265,2.0
37.795975,-121.19771,3.0
32.378566,-82.062539,2.0
40.059575,-106.387881,2.0
46.952944,-122.935111,2.0
41.775093,-70.744321,1.8
30.43387,-83.4535,2.0
38.414266,-96.216714,2.0
45.004609,-93.229542,2.5
39.166222,-86.579116,2.0
42.243896,-88.978877,1.2
25.7485018,-80.3084064,2.0
38.869969,-121.303187,2.0
38.533691,-121.4961,2.0
39.529389,-119.815667,4.0
41.067299,-73.504926,3.0
47.48295,-111.337681,2.0
46.390475,-105.823359,2.0
34.071582,-84.275404,0.72
42.107745,-87.802496,2.0
42.398547,-71.00021,2.0
35.056876,-118.174706,3.0
47.297976,-122.248274,1.8
33.939957,-117.282508,4.0
33.805168,-117.882173,4.0
40.527562,-74.231359,1.8
25.689099,-80.393365,3.0
46.618173,-112.007628,2.0
40.475169,-86.101306,2.0
25.693198,-80.304898,0.864
39.008466,-77.504972,2.0
39.868255,-84.886326,2.0
33.601666,-114.522376,2.0
26.081436,-97.16109,0.144
39.373985,-76.443133,2.0
41.04175,-74.073701,2.0
39.544083,-105.289972,2.0
46.843601,-96.882492,2.0
40.219356,-75.247211,2.0
40.752202,-87.996464,2.0
30.211432,-85.849367,2.0
47.942522,-124.384748,2.0
36.851569,-119.950611,4.0
35.266688,-119.253836,3.0
28.355525,-80.741754,3.0
28.34551,-81.604567,1.2
33.91578,-112.14417,1.5
34.08407,-117.299314,1.008
37.258506,-121.871476,1.728
34.18445,-118.890747,1.44
41.297348,-72.917804,3.0
39.085997,-77.149696,0.576
29.665289,-98.633387,1.5
39.665885,-75.667296,3.0
46.605395,-120.482764,2.0
43.617562,-72.957208,1.5
44.93894,-122.987919,3.0
39.167793,-120.14453,0.9
29.624756,-82.376597,1.5
40.11273,-87.248021,2.0
33.8643904,-118.0915723,1.44
32.6900433,-113.9535836,2.0
40.714062,-74.015837,0.288
34.190371,-79.832575,2.7
42.292009,-84.964122,1.2
42.914231,-85.533057,1.2
37.655243,-122.401321,1.44
30.671556,-88.118644,1.2
34.756276,-77.948019,1.2
42.379485,-83.32954,1.5
45.850405,-95.388969,2.0
40.456432,-79.934125,0.576
29.185553,-98.845401,3.0
33.918036,-118.353197,0.864
39.011489,-84.640279,3.0
34.825895,-82.306973,1.2
46.551944,-87.470222,2.0
34.606207,-118.151386,5.0
42.561164,-72.040773,2.0
38.767949,-121.263356,3.0
18.405993,-66.106131,0.144
44.042314,-71.668127,0.9
40.182152,-122.227452,2.0
41.52727858284335,-73.893152475357,3.0
43.665802,-73.784266,1.5
38.299,-85.556056,2.0
35.136408,-120.628662,3.0
28.9498974,-81.2508045,2.0
44.9698145,-93.4478659,2.0
39.274972,-76.563528,3.0
45.2606761,-111.3062058,1.2
25.79169,-80.134014,0.72
33.864955,-118.394819,5.0
44.294797,-74.010526,2.0
32.27012485,-81.08084499,2.0
26.43604,-81.773048,4.0
42.970012,-76.846134,1.2
25.780227,-80.141787,1.296
42.191936,-87.826741,3.0
43.572694,-119.074556,2.0
33.922543,-116.949167,5.0
41.99870660096533,-87.888457775115,2.1
30.716016,-85.184269,2.0
42.180663,-73.364632,2.0
33.661314,-114.242174,9.0
37.394816,-121.945157,1.152
47.0427557461906,-122.836407423019,3.0
35.505,-78.325583,1.2
38.895195,-77.273938,2.0
39.35835,-82.977277,2.0
36.978635,-122.013968,4.0
37.781296,-122.421394,0.864
36.449444,-103.182028,2.0
47.767606,-122.191712,0.72
39.250986,-76.668509,4.0
31.245874,-81.501667,6.0
42.56159,-113.790261,2.0
37.694343,-121.064215,3.0
37.271854,-78.401442,2.0
40.717706,-74.329462,2.0
39.833413,-75.097737,1.8
38.321869,-122.307381,3.0
37.944776,-122.522706,1.008
38.481242,-107.876472,2.0
37.903836,-76.865734,2.0
28.0979989,-81.9746033,1.75
47.888156,-97.081142,2.0
36.44881,-119.486404,4.0
37.423372,-122.198189,1.296
33.834811,-118.349039,5.0
39.844127,-77.19905,2.0
32.649168,-116.9676,4.0
24.673431,-81.356383,2.0
28.522692,-82.229948,3.0
40.121588,-75.775761,2.0
42.623417,-70.6545,2.0
33.9105668,-117.2733601,3.0
34.316069,-83.797249,4.0
37.1906,-77.3663,2.0
47.662639,-122.374975,1.2
34.037043,-118.685809,0.36
38.712542,-75.10381,2.0
37.266487,-76.676613,2.0
36.289315,-97.325935,0.9
34.036024,-118.684095,2.0
36.32925,-121.245444,3.0
28.917179,-81.923031,2.0
34.288493,-77.869352,3.0
28.551646,-81.584416,2.0
37.533306,-122.327472,3.0
36.621976,-121.844208,3.0
40.176935,-74.631786,2.0
30.632093,-97.694003,4.0
28.258509,-81.590088,3.0
41.143778,-80.157055,1.5
38.040224,-122.788345,0.9
41.310348,-122.316039,2.4
44.782849,-117.812422,1.2
45.611964,-121.208526,0.75
30.81732,-83.320889,2.0
35.5238,-93.8636,2.0
37.324722,-122.03684,7.0
40.662806,-74.173611,4.0
39.642686,-75.729226,2.0
33.463091,-117.60783,4.0
44.460841,-72.014819,2.0
39.15608,-122.149408,3.0
38.709815,-120.842293,2.0
44.795144,-93.205603,3.0
37.466496,-121.174403,2.0
35.386452,-77.948309,2.0
32.818922,-117.179792,4.0
40.505245,-74.851828,2.0
28.899556,-82.586778,2.0
30.265516,-81.617034,3.0
39.268454,-76.59925,0.576
28.094603,-81.27413,2.0
41.101369,-114.956259,2.0
39.997603,-75.087892,4.0
37.766033,-122.408981,0.864
41.201068,-80.455205,1.2
44.082605,-123.037471,2.1
37.606299,-113.161244,4.0
35.458391,-94.356308,1.5
46.608814,-120.491244,2.0
38.817444,-121.189472,2.0
37.289384,-80.079866,1.2
26.271106,-81.739504,2.0
37.703993,-121.852249,1.5
39.662049,-75.73563,2.0
35.191331,-114.065592,1.2
35.26079,-77.649666,2.0
34.272167,-118.797139,4.0
30.307077,-81.847887,2.0
39.396234,-76.575626,2.0
34.281483,-118.44167,3.0
34.12699,-118.147727,5.0
33.977915,-118.188681,2.0
32.54462,-117.042305,2.0
27.416538,-80.381845,2.0
44.889,-97.093,2.0
40.564621,-76.007412,2.0
41.361979,-75.676596,1.2
28.449767,-81.466734,1.2
39.632175,-75.660374,2.0
39.971722,-104.748972,2.0
28.552782,-80.840594,4.0
36.836939,-119.6982,3.0
30.623736,-81.638238,2.0
43.050266,-89.472382,2.0
42.152917,-71.073528,3.0
38.111814,-85.677355,3.0
27.300086,-80.372074,4.0
38.362178,-121.963212,3.0
39.883186,-75.534198,2.0
35.584234,-82.523932,2.0
44.449659,-73.108963,2.0
37.969947,-122.058491,4.0
37.033192,-94.515724,2.0
39.631457,-106.070816,1.8
39.776163,-84.074435,3.0
39.550487,-74.735734,2.0
42.049602,-80.086345,1.2
37.723081,-121.944252,4.0
38.302946,-76.522367,2.0
33.393341,-84.759097,3.0
34.904944,-91.200056,2.0
36.897383,-76.226511,2.0
26.840149,-80.103969,4.0
34.272134,-79.703346,4.0
41.701506,-122.645108,3.0
39.421063,-123.807299,3.0
42.050353,-87.685491,3.0
35.646509,-117.81326,3.0
41.769119,-88.208105,3.0
32.872626,-80.015535,2.0
47.684662,-120.206959,2.0
29.183314,-81.07889,3.0
42.347992,-122.878882,3.0
42.168699,-87.923841,3.0
41.788236,-72.65582,1.8
30.348888,-91.028019,2.0
39.794717,-75.469534,2.0
38.347998,-120.7766,2.0
29.675543,-95.290564,3.75
37.984978,-121.335924,3.0
36.639287,-120.625451,14.0
29.475857,-81.206442,2.0
37.360397,-118.396963,3.0
40.912008,-72.352969,2.0
45.538579,-122.866166,3.0
33.991811,-117.92803,0.576
37.417281,-121.956897,1.008
30.4023,-97.7247,1.152
34.424864,-117.385861,5.0
38.902472,-77.203588,2.0
37.837506,-122.295407,3.0
33.748796,-117.866115,1.44
38.671368,-121.723893,2.0
28.189347,-82.40032,2.0
37.372668,-122.057332,4.0
38.630127,-76.919032,2.0
32.15369,-80.767933,2.0
38.580186,-121.499476,5.0
37.502482,-121.968927,4.0
38.745316,-121.253384,4.0
30.461054,-81.63318,3.0
46.272437,-119.182456,2.0
41.465546,-81.538146,3.0
37.840449,-122.293936,3.0
38.542553,-121.725827,4.0
30.733386,-86.566733,2.0
31.58224,-97.10915,5.5
38.92225,-76.953333,3.0
33.178819,-97.101846,2.0
37.000817,-121.554338,3.0
32.21475,-80.703411,2.0
38.981159,-77.097958,3.0
37.794153,-122.272578,0.864
30.001862,-90.124675,6.0
39.608895,-77.750802,2.0
28.26721,-80.71842,3.0
43.455263,-71.564612,2.0
35.34726,-80.85921,3.0
41.003783,-73.85642,3.0
38.864685,-77.280101,3.0
35.253753,-120.684317,4.0
41.58569,-71.991059,2.0
47.6066581,-122.3371498,0.288
40.006811,-74.860835,2.0
38.980071,-76.540498,4.0
42.4836,-71.2164,3.0
33.976911,-117.55442,4.0
42.553135,-71.473819,3.0
33.109253,-116.674419,2.0
41.538744,-73.421791,2.0
35.899472,-79.946472,2.0
41.39169,-73.595175,2.0
42.563314,-77.711749,2.0
33.715666,-117.964945,3.0
38.977853,-77.41201,2.0
42.439697,-71.257982,2.0
39.905116,-75.19437,5.0
42.156788,-71.962909,2.0
42.330663,-71.255062,2.0
25.994288,-80.296384,2.0
32.717529,-96.323024,6.0
34.421527,-119.631377,0.576
38.467411,-77.412069,2.0
33.726907,-84.735784,3.0
29.801587,-94.997897,3.0
34.106319,-80.950723,1.2
35.850587,-76.756116,1.2
37.297988,-120.483354,3.0
34.764333,-79.479555,3.0
25.950115,-97.488512,2.0
37.625553,-109.473841,0.48
40.526531,-111.88591,3.0
34.148107,-118.227151,4.0
41.700046,-92.726636,2.0
41.928,-87.685478,3.0
32.831963,-117.159547,3.0
38.956171,-76.826008,2.0
37.618905,-122.440524,3.0
40.202902,-76.015953,2.0
33.658708,-84.50122,3.0
40.218355,-79.613656,2.0
40.56757,-74.563865,2.0
38.225974,-77.506136,1.2
34.059384,-117.185405,5.0
39.276357,-76.553927,2.0
37.781806,-122.446146,8.5
40.739208,-89.606721,2.0
27.734808,-82.680101,2.0
38.936193,-76.56776,2.0
37.972864,-120.653276,3.0
34.311515,-88.700843,1.2
39.327271,-77.34652,2.0
34.266234,-118.526633,5.0
39.55268,-107.340168,0.9
36.095012,-79.994674,2.0
26.782582,-80.092328,0.96
33.90375,-84.465778,3.0
37.367323,-77.416947,1.2
39.268888,-76.668933,1.25
39.092296,-104.852544,2.0
28.604988,-81.365915,3.0
37.847683,-81.196272,1.2
30.10603,-97.305318,3.0
28.787015,-81.982383,2.0
36.616759,-121.844014,0.9
40.226272,-74.093538,4.0
44.29301,-105.526628,0.6
41.617703,-71.247255,2.0
37.250854,-121.860731,6.0
33.498458,-117.6632,0.875
41.722672,-72.759717,1.2
31.855989,-86.635765,3.0
36.840677,-76.055615,2.0
46.976918,-120.54162,0.75
39.321865,-120.1621,1.2
41.313663,-81.517018,0.9
40.815605,-77.901757,2.0
39.748868,-89.67119,1.2
39.645998,-106.079617,2.0
39.925886,-75.032423,2.0
40.726668,-84.071932,1.2
42.895182,-70.869351,1.2
43.886915,-100.716887,0.48
39.00496,-78.337836,0.9
40.060757,-80.602874,0.6
36.60059,-118.061916,4.0
39.1029426,-77.525479,2.0
38.655825,-120.965651,3.0
40.5448144,-74.333248,2.0
42.130914,-72.621435,1.2
40.778885,-124.188383,1.2
39.095382,-76.858319,1.2
33.986779,-118.390213,2.4
26.14462,-81.788849,1.2
40.277134,-76.823255,1.2
43.028655,-77.440128,1.2
43.102516,-76.187475,0.96
33.793808,-84.397203,7.5
39.877253,-83.063448,1.2
43.113878,-75.206857,1.2
42.838443,-72.565798,4.0
41.080321,-73.461365,2.5
40.66319,-73.793192,3.0
37.364002,-81.052394,2.0
39.090758,-108.604325,0.72
39.605859,-77.733324,0.72
41.161085,-104.804955,0.48
42.710356,-73.819109,0.72
42.968673,-78.696128,0.96
60.494628,-151.045047,1.0
38.4099,-121.4181,3.0
43.623536,-72.3258949,4.0
40.971484,-75.63068,2.0
37.703183,-121.925327,2.4
28.026083,-82.151705,2.0
39.999842,-78.238697,1.2
40.195539,-74.641375,0.9
38.965706,-76.220905,1.8
40.969331,-75.631379,2.0
42.325662,-71.063013,0.72
32.911707,-117.145653,4.0
43.080622,-89.375068,2.0
42.170919,-77.107728,1.2
43.16438,-88.065848,2.0
37.669832,-77.461419,3.0
39.9995422,-79.0474265,2.0
40.124944,-74.963908,2.0
33.977104,-118.417167,1.008
40.15767,-74.430151,2.0
42.688932,-73.853554,3.0
36.128208,-115.154445,3.0
28.190073,-82.616178,2.0
38.429826,-78.856029,2.0
40.862269,-73.129075,2.0
40.0930008,-83.0936558,1.5
36.989869,-121.380535,3.0
38.353581,-77.048857,2.0
41.369666,-72.919942,3.0
32.902137,-117.193489,1.8
41.9564935,-91.6579808,2.0
37.613437,-77.328344,2.0
36.070633,-115.17295,1.5
32.361192,-86.161314,3.0
36.069842,-80.112057,2.0
37.321459,-121.948969,0.72
42.440787,-96.346112,2.0
33.7123,-117.8163,2.0
40.001987,-75.081547,2.0
40.670085,-73.962826,0.72
36.832164,-119.908341,3.0
42.049702,-87.994915,5.5
41.32512,-105.618117,1.2
33.706784,-117.785164,4.0
33.543942,-86.588636,4.0
45.3008,-93.7995,2.0
34.027034,-117.762195,4.0
37.516011,-75.831544,1.0
36.133938,-86.891832,3.0
33.558083,-83.473861,2.0
28.6541,-81.4686,2.0
44.536,-89.5782862,2.0
45.609675,-68.522956,0.9
42.96744,-83.828794,1.5
40.779989,-73.450258,0.72
40.66402,-73.7251,1.152
45.721663,-122.663461,1.8
44.931202,-89.662213,1.2
42.34717,-71.081003,0.576
43.155333,-86.202939,1.5
38.765655,-90.493552,0.864
40.753356,-73.971685,0.288
40.717522,-73.997302,0.144
40.780976,-73.980414,0.288
44.737025,-122.152108,0.9
30.178912,-96.907004,1.2
46.976679,-123.813485,1.2
48.071232,-123.074527,1.2
38.410941,-82.487122,1.2
41.79082,-107.210272,1.2
41.379222,-73.477689,1.5
39.999603,-79.043673,2.0
37.544506,-121.983822,1.8
34.002163,-117.731326,4.0
38.104444,-122.230234,5.0
40.717153,-73.991869,0.288
40.721595,-74.040469,0.432
39.817478,-75.457282,1.2
33.916675,-83.452965,1.5
39.97193,-86.152619,1.5
37.673998,-122.472257,2.88
47.548026,-122.040026,0.576
34.061572,-83.994606,1.5
26.006948,-80.348953,2.4
25.956403,-80.143001,2.52
33.689853,-117.768924,2.0
26.488531,-81.787028,3.0
34.757187,-82.474101,2.0
38.473719,-77.435835,2.0
25.942859,-80.344869,3.0
33.934643,-118.12117,0.864
43.409493,-70.558551,1.2
43.410693,-70.560923,1.2
18.43941429,-67.13209925,0.144
37.459659,-122.137651,1.44
33.610651,-85.782355,1.8
40.805079,-73.180528,1.5
40.814225,-96.727836,2.0
37.9466789,-121.7409128,4.0
40.439373,-74.504769,1.5
40.092333,-75.359222,4.0
47.314917,-122.315972,3.0
26.608585,-81.809444,2.1
47.610717,-122.202226,0.576
41.233636,-96.052428,3.0
39.718198,-91.392441,2.0
35.924448,-86.538487,3.0
33.515004,-82.044443,1.2
39.471945,-80.153302,2.0
41.766116,-72.673977,0.432
33.933824,-86.191611,1.2
40.300112,-75.127537,2.0
29.924286,-81.416018,0.72
44.34787,-69.786088,1.2
33.923726,-116.803246,3.0
42.459333,-92.328806,2.0
37.554989,-121.974239,2.0
38.620823,-90.260954,3.0
37.753054,-121.467549,3.0
39.5539,-85.7745,2.0
40.163345,-74.904428,2.0
37.744427,-88.962303,2.0
34.240825,-77.829189,1.5
41.115424,-102.949694,1.2
40.727327,-74.039344,1.44
41.094692,-73.955497,3.0
46.00101,-123.91683,1.2
38.9137222,-77.4869722,2.0
32.194947,-96.89875,1.5
39.696093,-75.395823,2.0
40.727358,-73.276843,3.0
42.368483,-71.076189,0.576
42.240687,-83.766265,1.2
34.091635,-118.382241,2.0
35.126833,-120.595972,2.0
34.952928,-120.434555,5.0
39.702444,-86.079687,1.2
32.533485,-84.971362,3.0
30.459066,-88.893288,3.0
44.006329,-92.470902,1.2
34.156902,-118.467539,10.0
40.695914,-74.254049,3.0
39.697702,-75.39773,2.0
37.333611,-119.645191,2.0
38.573122,-109.552368,0.48
27.107859,-82.385275,2.0
41.619789,-90.782433,2.0
40.175932,-74.630183,2.0
36.052801,-83.993594,6.0
35.616874,-119.656098,5.0
30.751833,-85.551682,2.0
42.182661,-122.662635,6.0
33.175259,-87.449694,2.0
35.2123,-80.8351,4.0
37.778564,-79.434062,2.0
40.117451,-83.010743,4.0
40.6822,-99.0834,2.0
33.581677,-112.127156,4.0
35.036667,-85.16009,3.0
34.153571,-118.081718,5.0
32.542727,-92.62574,2.0
21.385583,-157.941632,1.5
30.443505,-90.141137,3.0
39.579175,-79.953493,1.2
33.990779,-117.925266,3.0
36.850405,-119.791265,2.0
34.029757,-117.612147,6.0
41.979518,-73.88216,2.0
34.047878,-118.524987,2.0
35.0964,-80.9359,3.0
39.832103,-105.023901,2.0
34.077694,-118.100109,5.0
44.095583,-93.249116,3.0
40.89146,-74.07267,2.0
33.13658,-117.176119,5.0
37.591194,-122.348705,5.0
39.80066,-86.270482,2.0
39.47951,-75.722099,2.0
41.093395,-88.442109,2.0
40.658207,-74.287872,3.0
33.97577,-117.838484,6.0
38.954387,-92.383074,3.0
38.926253,-121.058008,3.0
25.80622,-80.337826,2.0
27.949242,-82.504944,2.0
25.646391,-80.337976,5.0
37.636105,-122.420515,7.0
43.0262,-73.792,2.0
42.139201,-72.025772,2.0
41.495424,-120.55978,2.0
41.705116,-86.621519,2.0
41.707691,-86.623162,2.0
39.245809,-94.448108,2.0
26.72622,-80.0875,2.0
42.082115,-86.423841,3.0
41.743731,-74.070122,2.0
38.29179,-122.452126,2.0
29.912978,-95.615944,4.0
39.0195,-95.508,2.0
37.765506,-96.982618,2.0
41.744917,-85.330167,2.0
41.747139,-85.32775,2.0
35.953056,-78.991056,3.0
34.006382,-118.148878,5.0
34.776774,-77.414566,2.0
41.632333,-87.850228,3.0
39.0205,-95.1348,3.0
35.979515,-85.015308,4.0
34.139,-118.1312,3.0
30.966229,-95.880841,6.0
38.996112,-77.075633,3.0
45.510887,-92.990596,2.0
40.720353,-111.888706,1.5
32.310889,-86.350727,4.0
35.374508,-78.541871,2.0
40.746393,-111.900534,0.288
40.8109,-73.5054,2.0
32.737743,-117.217061,3.0
35.194253,-101.743828,3.0
44.27972,-123.063083,2.0
30.633696,-87.677561,4.0
41.0251,-77.5243,3.0
36.4162019,-121.320846,1.75
26.1877,-97.7563,3.0
45.0801,-87.6621,2.0
35.806348,-83.572721,3.0
35.531391,-82.604487,3.0
34.504955,-82.965706,3.0
37.508786,-120.876109,4.0
39.118902,-100.81318,3.0
41.311733,-81.449531,1.75
40.907703,-74.030779,2.0
39.46561,-76.311042,2.0
33.475122,-117.129563,2.0
33.994605,-117.899677,5.0
38.989771,-93.566975,2.0
30.013004,-97.862665,4.0
40.430902,-120.657897,2.0
38.626722,-90.344139,3.0
37.709813,-122.164607,3.0
35.9861622,-119.957565,13.75
30.16287,-97.792063,3.0
37.126287,-120.247428,3.0
40.965501,-72.189633,3.0
40.513995,-107.538785,2.0
46.29001,-96.11829,2.0
32.920824,-117.21491,6.0
32.776392,-117.155136,2.5
36.2803,-78.6047,3.0
41.310233,-122.317278,0.5
36.628538,-82.148888,2.0
35.73499,-79.442016,2.0
36.68665,-78.900855,1.0
30.086266,-83.571338,2.0
33.914491,-117.883662,5.0
40.933846,-75.100997,2.0
40.214126,-111.656782,3.0
42.012497,-88.335638,3.0
32.13036,-94.332982,2.0
39.468528,-119.794333,6.0
47.755317,-120.740517,2.0
33.5769,-84.354123,6.0
42.697265,-71.43988,3.0
33.86044,-117.996347,1.728
39.568667,-76.353746,2.0
26.89569,-82.011268,2.0
46.664849,-92.477676,2.0
40.39113,-74.340201,2.0
38.866754,-78.5192,2.0
42.0748,-88.1868,3.0
44.861,-93.3124,4.0
45.135263,-93.474392,3.0
37.348729,-89.598272,2.0
33.425818,-84.18787,3.0
33.124351,-117.31912,4.0
33.623139,-111.922451,1.152
41.941916,-74.027208,0.96
30.039029,-94.160606,3.0
41.313222,-74.125034,3.0
30.509711,-97.687749,4.0
34.418965,-119.697083,3.0
32.490203,-82.93261,3.0
44.65037,-70.150196,2.0
39.1881397,-78.1257883,2.0
40.060289,-80.588981,2.0
27.270298,-82.462865,2.0
37.83677,-94.351404,2.0
47.492201,-94.907057,2.0
41.001772,-75.273151,2.0
35.985369,-85.010956,2.0
26.635504,-80.174903,2.0
42.244,-85.587575,2.0
30.525402,-97.819337,3.0
39.081527,-76.888961,1.5
39.162833,-84.426528,3.3
34.033502,-118.240852,1.152
40.806913,-73.238313,2.0
26.226546,-80.182431,2.0
37.933428,-107.854146,2.0
33.486691,-86.772681,2.0
39.709271,-75.562365,2.0
43.66114,-71.493944,1.5
37.587128,-122.020442,3.0
30.254984,-97.605605,3.0
34.106627,-117.527064,2.0
40.77956,-73.651063,2.0
47.673313,-117.113505,3.0
33.997487,-118.421155,2.0
28.3848995,-81.5011005,2.0
30.270331,-81.756107,2.0
42.22314,-73.826845,2.0
32.668143,-114.443438,4.0
39.717869,-104.9057064,4.0
26.36496,-80.133209,3.0
37.377254,-86.82612,2.0
31.963626,-83.766165,2.75
30.226235,-97.821991,2.0
44.901325,-91.933569,2.0
36.666436,-121.810168,3.0
25.598305,-80.37199,2.0
41.8049603,-77.08515356,1.0
42.174804,-72.578159,3.0
42.090329,-71.424835,3.0
34.377883,-84.915729,2.0
35.935852,-84.004146,2.0
39.62,-79.9234,2.0
39.529653,-76.194605,2.0
44.018885,-90.507493,2.0
33.889175,-117.808082,2.0
37.67173,-84.308365,3.0
30.303714,-97.941726,2.0
32.634231,-80.875183,2.0
47.028302,-91.6808,2.0
45.481359,-123.843893,3.0
42.1474,-70.8432,3.0
32.9362,-117.098848,3.0
43.386902,-123.341367,12.75
32.8032,-81.9486,2.0
39.440207,-76.345305,2.0
42.7176917,-88.9947624,2.0
34.027046,-118.388416,2.0
36.165906,-115.138655,0.72
36.11671,-115.168258,6.0
29.796918,-82.500844,3.0
41.653283,-72.679252,3.0
34.2173,-78.0185,3.0
44.301045,-88.416975,2.0
34.992695,-78.135604,3.0
38.664311,-76.876223,2.0
42.232722,-83.678722,3.0
46.978013,-120.542423,3.0
33.129609,-96.673894,3.0
41.7628,-71.0955,2.0
30.432893,-91.081966,3.0
42.960238,-87.986788,3.0
31.724944,-93.162309,2.0
33.5835,-111.894,4.0
43.0674,-76.1753,3.0
43.113201,-75.591176,3.0
43.121,-87.916222,3.0
40.744718,-73.61626,3.0
26.136936,-80.113134,4.0
31.898651,-97.091114,2.0
34.250676,-117.189756,2.0
38.039095,-121.260928,3.0
42.97264,-123.339021,2.0
30.172397,-97.630394,2.0
45.542901,-122.38935,2.0
40.86368,-73.82916,0.864
38.2484296,-112.6531868,6.0
35.104124,-77.080448,2.0
41.010608,-87.276583,3.0
40.701916,-73.432817,2.0
33.195556,-80.599395,3.0
35.608443,-78.563054,2.0
39.648581,-106.587182,2.0
33.9521519,-81.2326944,3.0
40.7416044,-73.6129391,3.0
25.906606,-80.157279,3.0
34.1367,-117.9082,4.0
36.366063,-77.674315,5.0
36.657929,-76.224462,2.0
39.027063,-76.455758,2.0
40.346018,-80.047168,2.0
41.7523,-87.9137,4.0
30.502813,-97.580947,3.0
43.734299,-70.293547,2.0
42.171166,-88.336632,3.0
43.5112,-70.4348,2.0
44.569032,-69.639469,3.0
32.517,-96.8214,4.0
34.739127,-86.666295,3.0
41.07321,-85.21819,3.0
34.154607,-118.645367,5.0
34.135136,-117.195193,2.0
42.585318,-70.96587,3.0
30.188746,-95.452171,2.0
41.489964,-83.37048,2.0
45.7562,-122.8764,1.0
41.372386,-71.956586,3.0
33.520954,-101.961588,1.0
32.881155,-96.769519,0.864
43.82471,-83.00583,1.5
33.381,-111.963,3.5
40.739557,-73.319465,3.0
45.709603,-121.534581,2.0
27.996805,-82.372668,2.0
28.088551,-82.4521,2.0
32.651478,-116.954543,4.0
42.390558,-71.086016,2.0
40.459873,-74.455582,3.0
41.490708,-83.366736,2.0
44.954518,-93.15492,3.0
34.071707,-106.892957,2.0
61.403462,-149.46797,2.0
33.535965,-112.262776,4.0
40.775375,-74.034666,3.0
34.850856,-114.622865,3.0
40.798738,-73.41226,2.5
39.503749,-119.801198,3.0
39.4189,-76.4558,2.0
34.825734,-114.594896,3.0
38.401648,-75.564818,0.9
34.850835,-114.624329,0.6
34.066162,-117.65027,2.0
41.675785,-91.520803,2.0
37.7066,-121.9348,3.0
42.173452,-72.324767,3.0
36.084444,-80.295348,3.0
43.916972,-123.013799,2.0
38.266591,-104.609086,3.0
25.970508,-80.141165,2.0
29.1853376,-82.1773968,2.0
41.49984,-87.88864,3.0
39.9139,-86.1392,4.0
42.445534,-83.11792,3.0
45.841463,-119.684207,2.0
41.1493,-80.7,2.0
40.782905,-73.42252,3.0
35.202146,-89.794496,3.0
38.5955,-76.9372,2.0
44.822043,-87.402726,2.0
35.692297,-81.357075,3.0
36.173769,-86.513564,2.75
40.720505,-122.928071,2.0
46.679783,-122.977105,2.0
37.995554,-84.532683,3.0
36.145327,-115.102898,2.25
32.821662,-117.184317,2.0
36.196087,-81.653014,3.0
28.341509,-81.411159,4.0
35.094874,-119.040158,5.0
28.448461,-81.394583,4.0
36.802978,-114.099928,3.0
42.377028,-73.277352,2.0
30.446647,-82.933586,2.0
35.7966,-90.7307,1.75
35.97477,-120.900203,3.0
35.855555,-80.072156,2.0
47.209072,-118.22589,2.0
40.115628,-88.182804,2.0
36.574434,-119.629402,4.0
34.921509,-79.74772,3.0
42.56911,-87.947466,3.0
41.059623,-83.671058,2.0
33.793806,-96.554709,2.0
40.511235,-88.947814,3.0
35.039825,-85.685066,3.0
30.269934,-98.398065,2.0
44.614312,-121.134674,2.0
40.535862,-74.297271,4.0
44.336448,-93.950131,2.0
30.750554,-98.67491,2.0
38.629244,-77.289539,3.0
41.916936,-89.069076,2.0
29.325098,-96.124308,2.0
38.64258,-121.18806,0.48
32.417468,-99.526532,5.0
27.858153,-82.327561,2.0
28.449537,-81.490195,3.0
33.848756,-84.36434,0.36
38.132266,-78.434391,2.0
40.834497,-83.237135,3.0
30.289722,-97.827417,2.0
29.726598,-98.078702,6.0
42.846691,-106.214485,2.0
35.9189,-80.5856,2.0
33.3803,-111.8056,3.0
28.492365,-81.429161,3.0
37.745769,-77.472412,2.0
27.749045,-98.06881,2.75
30.060278,-81.513861,1.5
41.035663,-78.399634,2.5
41.120588,-100.762642,2.0
41.956228,-75.294742,2.0
34.008048,-118.220145,2.0
26.533567,-80.089394,4.0
40.739349,-75.263529,2.0
37.746403,-122.195614,4.0
27.709319,-97.368357,3.0
40.955391,-74.07467,2.0
37.671622,-85.845453,2.0
27.465749,-81.434147,2.0
45.714111,-121.515793,4.0
35.638228,-82.143169,3.0
32.321657,-111.044732,4.0
32.079619,-81.281224,2.0
35.484012,-82.557638,3.0
38.793019,-77.515512,2.0
28.119865,-80.699588,2.0
27.175517,-80.252532,2.0
26.0923282,-80.2496536,2.0
34.452312,-118.61614,3.0
34.187565,-118.318197,2.0
29.916415,-81.403632,3.0
45.8177,-122.6828,3.0
41.854435,-87.958496,2.0
41.5874,-87.2176,2.0
44.532641,-68.411381,2.0
34.3683,-118.5092,4.0
41.513891,-71.698256,2.0
27.7136,-82.3756,2.0
42.4372,-83.4381,3.0
38.956,-77.3654,3.0
40.871424,-72.798971,3.0
39.998748,-78.236263,3.0
42.344691,-71.099322,0.576
39.089677,-77.526324,0.72
37.305593,-77.409675,2.0
37.495848,-77.547664,2.0
38.859305,-77.357542,3.0
39.6635,-75.69017,1.8
40.576793,-74.287572,3.0
32.941942,-97.065861,3.0
43.093622,-88.759305,2.0
41.11941,-74.71296,2.0
33.66627,-117.882682,3.0
41.652488,-93.620937,2.0
39.3867,-77.4077,2.0
35.104333,-106.566029,4.0
32.9333,-80.6925,3.0
43.576852,-89.77949,3.0
42.027157,-86.517613,3.0
43.366374,-124.215473,2.0
29.957061,-90.076684,3.0
32.950179,-96.81853,4.0
40.57163,-75.616759,3.0
41.663978,-71.492739,2.0
39.095839,-76.841533,2.0
37.99316,-122.12137,4.0
32.880879,-97.074504,3.0
37.466222,-79.117738,2.0
38.159762,-87.551955,2.0
33.552408,-80.828133,2.0
29.688578,-82.443183,1.75
38.90595,-77.005167,2.0
42.306111,-88.976472,3.0
34.145015,-118.078417,4.0
35.067855,-118.175439,5.0
33.7574,-118.1074,5.0
36.082221,-115.121054,4.0
35.497199,-119.554591,4.0
33.727381,-117.821821,3.0
32.324308,-96.606375,6.0
35.10275,-77.084173,3.0
38.365225,-121.967972,2.0
40.32244,-74.4869,2.0
40.811556,-74.064862,4.0
45.887409,-89.720831,2.0
31.037265,-104.854816,3.0
34.0729,-81.155649,4.0
32.58434,-83.740022,4.0
34.517047,-117.313614,4.0
40.940129,-80.585293,2.0
41.291801,-81.670915,2.0
36.054073,-96.004734,6.0
43.32076,-70.5806,2.0
40.924144,-121.620569,2.0
42.30519,-71.403475,3.0
40.516738,-74.285902,2.0
41.149854,-73.247068,3.0
38.95535,-94.685593,3.0
33.928112,-81.078255,3.0
47.103877,-119.833007,2.0
38.85543,-120.013284,2.0
41.605252,-84.406468,2.0
41.603667,-84.408721,2.0
33.270374,-96.592973,2.0
35.12847,-80.700301,3.0
43.014476,-89.479453,4.0
34.275162,-119.239734,3.0
47.209113,-122.462621,3.0
39.609596,-119.220483,3.0
37.61061,-120.976745,2.0
38.862861,-121.951538,2.0
35.062335,-80.770842,3.0
38.347268,-121.999145,3.0
34.4237,-118.5845,2.0
38.257435,-122.065449,3.0
33.8321991,-117.9293952,4.0
38.792458,-121.298228,6.0
33.629413,-117.705886,6.0
30.233293,-97.793053,3.0
39.199798,-121.064216,3.0
37.446507,-122.162028,4.75
27.915528,-82.728291,2.0
34.025098,-118.469543,4.0
30.612968,-96.31709,2.0
33.5607,-117.672028,0.576
37.930078,-122.014812,3.0
33.65937259957883,-117.29450572076,4.0
40.855059,-74.0333262,3.0
28.218029,-82.736177,2.0
40.345495,-74.483726,4.0
30.194964,-95.452548,2.0
42.800041,-76.121849,3.0
36.253519,-120.240461,20.0
32.672295,-96.968805,2.0
45.645661,-122.601249,3.0
38.585988,-109.5566,2.0
33.978802,-84.214918,3.0
44.049486,-121.315537,2.0
30.085513,-95.449924,3.75
32.258114,-101.453323,4.0
34.440386,-84.91532,3.0
35.831585,-78.769044,3.0
33.893485,-118.352964,2.0
35.259977,-81.123967,3.0
33.05595,-96.8308638,3.0
32.313976,-90.89987,3.0
30.050304,-95.438361,2.0
41.504182,-81.63245,3.0
41.286296,-72.877392,3.0
47.008309,-124.165142,2.0
32.296716,-106.812414,3.75
34.291728,-99.755215,2.0
39.967429,-75.576678,2.0
31.13776,-97.329332,12.0
30.389314,-87.062227,3.0
33.396462,-84.593126,2.0
33.437177,-117.62712,12.25
32.941334,-97.073611,2.0
33.692874,-117.92514,2.0
39.984603,-83.026371,2.0
32.798239,-80.029175,3.0
26.276244,-80.098192,1.75
39.778341,-104.848415,2.0
36.86455,-81.433527,2.0
33.946913,-117.00056,6.0
41.546791,-83.590402,3.0
36.030526,-80.381435,3.0
29.997117,-95.575736,3.5
34.919528,-116.769185,10.0
39.80408,-104.770869,4.0
37.42537,-121.914559,3.0
39.303803,-84.525312,3.0
34.070663,-117.889053,4.0
33.947718,-83.410259,2.0
33.859694,-117.921706,4.0
32.979184,-96.296371,2.0
41.092297,-75.591828,3.0
33.858572,-118.116389,5.0
25.976412,-80.310779,4.0
35.981638,-83.6056,6.0
42.793371,-74.004721,2.0
33.583239,-111.922612,4.0
39.35612,-84.374546,3.0
29.497048,-98.482185,3.0
41.673833,-86.891234,5.0
39.549893,-79.35164,2.0
47.865456,-122.282856,3.0
41.828441,-71.42697,2.0
30.21422,-93.374795,3.0
33.13507,-117.288012,2.0
33.87396,-118.202413,2.0
45.431963,-122.572314,3.0
41.617607,-87.044702,3.0
36.271532,-115.265931,2.0
42.781417,-86.077194,3.0
32.906757,-97.187269,2.0
32.767263,-96.807846,2.5
35.610687,-115.388028,10.5
44.667002,-74.990238,1.0
44.92155,-123.006624,3.0
37.679047,-119.763477,2.0
35.171811,-106.586584,2.0
35.488112,-79.193398,3.0
36.093947,-115.29709,2.0
37.5215,-122.3377,2.0
36.056164,-79.660102,2.0
36.837402,-76.306478,2.0
33.704288,-117.836881,1.75
36.350804,-119.4247,4.75
40.050647,-75.525104,2.0
40.012206,-75.721504,2.0
36.12875,-115.143823,2.0
27.767877,-80.549569,2.0
39.45242,-108.04582,3.0
32.798797,-113.540003,10.0
35.150385,-114.575435,3.0
42.66705,-84.54091,3.0
45.125839,-93.258032,2.0
41.040555,-73.673445,0.6
41.292244,-81.676134,2.0
38.700389,-80.664472,2.0
36.485545,-80.744773,2.0
32.485474,-80.977876,2.0
47.564278,-90.856692,2.0
43.870733,-71.652514,2.0
43.022447,-88.202681,3.0
28.534742,-82.507923,3.0
30.106972,-84.379597,2.0
33.618222,-117.733708,4.0
30.19553,-97.998392,2.0
37.826148,-121.285965,2.75
38.861631,-76.918594,2.0
36.168897,-115.286579,0.432
36.168474,-115.286829,0.3
47.455273,-122.256631,4.0
40.137212,-74.225678,3.0
45.611854,-122.684919,2.0
40.957429,-74.07408,1.2
38.77627,-77.175921,5.0
34.848232,-82.339496,3.0
27.537933,-82.507363,4.0
32.110766,-81.235803,2.75
38.131215,-122.223369,2.7
26.174361,-80.855694,3.0
40.416187,-86.814084,6.0
39.612899,-75.930972,3.0
37.898736,-122.308672,4.0
39.538137,-119.733926,2.0
33.08204,-96.850233,2.0
29.740638,-95.645831,2.0
39.678083,-111.840906,1.2
33.923198,-118.322218,5.0
40.461954,-74.400916,2.0
29.735982,-95.538575,4.0
33.716605,-117.810303,9.0
34.12375,-116.415727,4.0
33.846445,-84.360194,1.152
34.849129,-117.085446,2.4
33.151713,-96.717299,2.0
36.022754,-115.090142,4.0
33.657,-111.9298,5.0
41.642293,-70.99753,3.0
27.446551,-80.399403,2.0
30.241331,-92.927732,4.0
34.126889,-80.8779862,3.0
47.443115,-122.225157,4.0
43.84163,-70.441768,2.0
33.21747,-96.65721,2.0
31.712344,-83.638266,4.0
34.019005,-84.312888,3.0
37.14916,-84.11385,3.5
38.716616,-75.109997,2.0
33.986776,-84.421616,2.0
34.23471,-118.55287,6.0
41.70568,-86.187138,3.0
45.5010128,-122.8096413,3.0
40.2330528,-75.657935,3.0
33.66288,-114.240091,21.0
35.2328,-111.5756,6.0
43.408589,-76.114268,2.0
29.7377385,-95.4639171,4.0
48.509772,-122.338625,1.5
33.678373,-116.296225,2.0
30.47963,-81.637605,4.0
30.472366,-83.892265,2.0
40.118187,-74.844438,2.0
31.688723,-106.264541,2.0
31.706217,-98.122089,2.0
45.15313,-122.881254,3.0
40.194428,-76.992163,2.0
43.017313,-78.201531,3.0
42.961287,-71.439058,2.0
35.310093,-86.879841,6.0
40.273656,-78.459913,2.0
29.774428,-95.400631,8.75
35.645142,-80.486013,3.0
31.212985,-85.361437,3.0
35.964283,-115.167124,6.0
42.454125,-79.30869,3.0
34.8864348,-117.0198947,2.5
34.936515,-81.982822,2.0
44.653043,-124.052788,2.0
39.311994,-76.525368,2.0
38.65239,-87.133018,2.0
33.919492,-117.902014,6.0
42.26246,-85.17463,3.0
38.619784,-77.799832,2.0
32.925559,-96.991554,3.0
38.935417,-97.215371,3.0
33.521819,-112.098656,3.0
29.610486,-98.488594,3.75
34.024585,-118.485771,15.5
34.463156,-117.354375,4.0
38.9153758,-77.225194,5.0
29.734364,-95.605596,4.0
33.757056,-84.363381,2.0
28.405944,-81.457879,2.0
39.807044,-89.681966,3.0
33.023133,-97.279033,5.0
36.815991,-114.064751,2.0
33.319309,-111.896576,3.0
32.78255,-111.61868,7.0
33.79857,-78.746356,2.0
33.776189,-84.295612,4.0
36.056634,-115.170356,7.0
38.965808,-104.785785,4.0
34.437534,-79.370015,10.0
44.020271,-71.113742,2.0
39.111142,-121.55662,2.0
39.158124,-77.222372,1.75
37.488952,-119.972428,3.0
33.102512,-96.808762,3.0
44.294111,-90.826731,3.0
37.259242,-77.395323,2.0
34.014333,-118.238189,2.0
40.04783,-75.662699,3.0
38.194184,-77.50741,1.75
28.136633,-82.756734,3.0
36.1680334,-115.2848652,3.0
34.602239,-118.146111,6.0
45.5184429,-122.6804502,1.0
35.067128,-118.176174,3.0
40.445197,-79.759668,1.5
36.239091,-115.116081,3.0
33.655999,-84.504295,4.0
40.789629,-73.536119,3.0
34.441547,-118.577621,6.0
38.249149,-112.652524,1.2
33.691241,-117.769787,3.0
36.977987,-77.394985,2.0
37.636186,-118.967973,3.0
38.633037,-77.276321,2.0
39.748186,-105.057756,2.0
34.03393,-84.052624,3.0
39.759041,-75.360179,3.0
33.595554,-117.675507,4.0
38.339024,-75.119033,2.75
38.768852,-90.182684,2.0
25.796437,-80.35376,2.0
25.939952,-80.246268,2.0
36.070176,-79.270532,2.0
40.035056,-86.469586,2.75
42.297652,-71.399414,3.0
29.586968,-95.634899,2.0
43.045703,-91.141403,2.0
42.269731,-84.4500388,3.0
29.432094,-98.482779,4.0
38.038621,-79.026271,2.0
45.773167,-111.19886,2.0
34.02126,-80.969158,3.0
33.904622,-84.4669,4.0
42.27325,-84.983917,2.0
26.212685,-81.790775,3.0
39.308967,-120.545004,3.0
33.46229,-112.356632,3.0
40.939077,-80.587852,2.0
41.831054,-72.49581,2.0
31.725331,-96.17837,3.75
32.67022,-97.114009,2.0
37.272499,-80.037292,2.0
39.848001,-85.419441,2.0
29.651054,-97.595174,4.0
41.159702,-87.848986,3.0
37.69989,-121.871035,3.0
36.319697,-78.381245,3.0
38.670561,-90.589762,3.0
36.1646189,-86.7910833,3.0
38.8679258,-98.8538087,2.0
48.4511937,-122.33983,4.0
35.745074,-78.762269,3.0
29.740091,-95.411909,4.75
37.810341,-80.431295,2.0
29.984472,-95.299508,3.75
36.60191,-82.191436,2.0
33.684357,-117.851746,10.0
34.027942,-118.393968,11.0
34.963441,-89.99184,2.0
33.599718,-111.988582,4.0
40.578643,-122.359162,11.0
36.158002,-115.333822,4.0
46.804051,-123.012244,3.0
35.508791,-97.501122,4.0
39.596005,-76.07251,4.0
27.999288,-81.924484,2.0
39.677258,-75.627938,4.0
36.244614,-86.755315,4.0
35.938566,-75.616216,3.0
38.813265,-94.513637,3.0
45.975254,-94.335543,2.0
38.822198,-81.724546,2.0
45.333824,-122.762529,2.0
41.591965,-90.462753,3.0
33.998539,-118.146359,10.0
40.958847,-117.746497,2.0
37.299379,-79.894214,2.0
39.889511,-104.990452,4.0
36.239166,-115.249821,5.0
18.16102,-67.1465,2.0
33.945806,-117.999033,3.0
32.80385,-117.008942,3.0
34.241476,-116.91696,1.5
44.072342,-87.700632,2.0
39.442679,-77.986587,2.0
32.151786,-94.78731,2.0
36.717487,-76.65664,2.0
39.398471,-74.555401,2.0
33.887662,-117.81376,2.0
36.667022,-76.953958,2.0
40.094384,-75.308501,3.0
41.008153,-74.293688,3.0
29.580184,-95.392324,4.0
34.24984,-83.459397,3.0
37.467511,-105.868577,2.0
41.675832,-83.716338,3.0
40.316709,-79.683832,2.0
39.784679,-86.184536,4.0
34.020833,-84.119734,3.0
40.691573,-74.184322,2.0
39.904558,-74.80511,3.0
32.986172,-117.271545,2.0
35.676176,-80.85699,3.0
28.569416,-81.277982,2.0
47.709236,-122.18351,3.0
34.073716,-117.889663,6.0
39.649685,-78.770171,1.0
38.544304,-90.465508,2.0
38.965566,-76.194145,2.0
33.993267,-117.056082,3.0
41.906409,-87.9782135,4.0
45.816835,-108.416578,3.0
32.783349,-97.273818,3.0
35.382675,-119.047533,5.0
30.711615,-94.920354,2.0
34.985959,-118.94385,19.0
34.188839,-101.749148,2.0
35.237478,-85.850734,3.0
33.652452,-86.809625,2.0
32.770979,-96.873497,2.0
33.977033,-84.215722,4.0
32.458535,-86.395889,3.0
34.0004,-84.169,5.75
34.8446,-117.0862,17.5
39.293683,-84.292992,4.0
33.804336,-118.044231,4.0
37.193014,-87.44869,2.0
39.138944,-88.562009,3.0
41.9952675,-117.7177391,2.0
40.93436,-74.068608,5.0
26.45468,-80.161252,4.0
39.513592,-76.160226,2.0
40.870773,-88.66855,2.0
40.342138,-80.118326,2.0
33.551921,-112.185745,4.0
37.100209,-121.012011,12.0
37.077559,-113.5843,3.0
45.10196,-95.041742,2.0
34.136544,-117.196595,2.0
34.012824,-84.564919,3.0
40.581652,-73.985056,3.0
35.063323,-85.314938,3.0
47.195259,-120.956232,2.0
40.152059,-77.611778,2.0
33.903284,-84.002931,4.0
34.00972,-87.8349,3.0
33.363445,-111.875334,4.0
42.321493,-88.169682,3.0
33.665072,-117.864896,3.0
44.438564,-95.777511,3.0
40.09741668253737,-88.294937287131,3.0
40.5062,-74.3936,2.0
37.536013,-122.063348,5.5
33.990229,-118.216265,3.0
34.161558,-99.298696,3.0
44.023099,-116.949487,2.0
38.688327,-75.397265,2.0
33.569471,-81.938767,2.0
47.298831,-115.099264,3.0
45.6661532,-108.7614891,2.0
40.537435,-79.838175,4.0
32.61173,-98.109967,4.0
35.031556,-80.965797,3.0
35.183045,-107.898024,3.75
32.762928,-97.16682,4.0
34.047758,-117.906879,5.0
37.696548,-122.463229,3.75
34.087069,-118.151192,3.0
37.047608,-122.027743,4.0
40.804373,-72.860362,3.0
41.353461,-74.72394,4.0
37.930083,-79.234611,2.0
37.696535,-121.844176,4.0
37.923631,-122.088327,3.0
38.79134,-121.2233,3.0
38.656461,-121.070673,3.0
40.452618,-80.166329,4.0
48.0955713,-122.1884739,3.0
33.500761,-111.918634,3.0
42.009447,-93.587771,2.0
